# Define the number of rows and columns for each plate type
plate_dims <- list(
  `6` = c(2, 3),
  `12` = c(3, 4),
  `24` = c(4, 6),
  `48` = c(6, 8),
  `96` = c(8, 12),
  `384` = c(16, 24),
  `1536` = c(32, 48)
)
